local transf = require "transf"
local vec3 = require "vec3"
local modulesutil = require "modulesutil"
local constructionutil = require "constructionutil"
local trainstationutil = require "modules/trainstationutil"

local cargoCapacity = 10
local passengerCapacity = 0

--Begin Generated
local generatedData = {
	["cargo_station_1_assets_1"] = {
		models = {
			-- ["asset/ground/barrel_steel.mdl"] = {
				-- { 0.00000, 0.00000, -1.00000, 0.00000, 0.00000, 1.00000, 0.00000, 0.00000, 1.00000, 0.00000, 0.00000, 0.00000, 3.60000, -22.52000, 0.41000, 1.00000 },
				-- { 0.00000, 0.79653, -0.60460, 0.00000, -0.00000, 0.60460, 0.79653, 0.00000, 1.00000, 0.00000, 0.00000, 0.00000, 3.63000, -23.36000, 0.41000, 1.00000 },
				-- { 0.00000, 0.79653, -0.60460, 0.00000, -0.00000, 0.60460, 0.79653, 0.00000, 1.00000, 0.00000, 0.00000, 0.00000, 3.60000, -23.79000, 1.13000, 1.00000 },
				-- { 0.00000, 0.00000, -1.00000, 0.00000, 0.00000, 1.00000, 0.00000, 0.00000, 1.00000, 0.00000, 0.00000, 0.00000, 3.60000, -24.23000, 0.41000, 1.00000 },
				-- { 0.00000, 0.00000, -1.00000, 0.00000, 0.00000, 1.00000, 0.00000, 0.00000, 1.00000, 0.00000, 0.00000, 0.00000, 3.60000, -22.95000, 1.11000, 1.00000 },
				-- { 0.00000, 0.00000, -1.00000, 0.00000, 0.00000, 1.00000, 0.00000, 0.00000, 1.00000, 0.00000, 0.00000, 0.00000, 3.60000, -24.66000, 1.13000, 1.00000 },
				-- { -0.00000, -0.99317, 0.11667, 0.00000, 0.00000, -0.11667, -0.99317, 0.00000, 1.00000, 0.00000, 0.00000, 0.00000, 3.63000, -25.04000, 0.41000, 1.00000 },
				-- { -0.00000, -0.99317, 0.11667, 0.00000, 0.00000, -0.11667, -0.99317, 0.00000, 1.00000, 0.00000, 0.00000, 0.00000, 3.60000, -25.47000, 1.13000, 1.00000 },
				-- { -0.00000, -0.99635, 0.08542, 0.00000, 0.00000, -0.08542, -0.99635, 0.00000, 1.00000, 0.00000, 0.00000, 0.00000, 3.60000, -25.88000, 0.41000, 1.00000 },
			-- },
			["asset/ground/container_waste3.mdl"] = {
				{ 1.00000, 0.00000, 0.00000, 0.00000, 0.00000, 1.00000, 0.00000, 0.00000, 0.00000, 0.00000, 1.00000, 0.00000, 3.54000, -15.95000, -0.00000, 1.00000 },
			},
			["asset/industry/pallet_01.mdl"] = {
				{ 1.00000, 0.00000, 0.00000, 0.00000, 0.00000, 1.00000, 0.00000, 0.00000, 0.00000, 0.00000, 1.00000, 0.00000, -2.99000, -14.12000, 0.79500, 1.00000 },
				{ 0.98027, -0.19766, 0.00000, 0.00000, 0.19766, 0.98027, 0.00349, 0.00000, -0.00069, -0.00342, 0.99999, 0.00000, -3.72500, -11.80900, 0.81900, 1.00000 },
			},
			["asset/industry/wood_plates_01.mdl"] = {
				{ 1.00000, 0.00000, 0.00000, 0.00000, 0.00000, 1.00000, 0.00000, 0.00000, 0.00000, 0.00000, 1.00000, 0.00000, 2.86000, -2.90000, 0.79000, 1.00000 },
			},
			["asset/industry/wood_plates_02.mdl"] = {
				{ 1.00000, 0.00000, 0.00000, 0.00000, 0.00000, 1.00000, 0.00000, 0.00000, 0.00000, 0.00000, 1.00000, 0.00000, 2.83400, -2.83000, 1.14200, 1.00000 },
			},
			["asset/industry/wooden_box_01.mdl"] = {
				{ 0.98629, -0.16505, 0.00000, 0.00000, 0.16505, 0.98629, 0.00000, 0.00000, 0.00000, 0.00000, 1.00000, 0.00000, -3.67000, -11.79500, 0.95500, 1.00000 },
				{ 1.00000, 0.00000, 0.00000, 0.00000, 0.00000, 1.00000, 0.00000, 0.00000, 0.00000, 0.00000, 1.00000, 0.00000, -3.00000, -14.12000, 0.93500, 1.00000 },
				--{ 0.99905, -0.04362, 0.00000, 0.00000, 0.04362, 0.99905, 0.00000, 0.00000, 0.00000, 0.00000, 1.00000, 0.00000, -3.00000, -21.77000, 0.00000, 1.00000 },
				--{ 0.99905, -0.04362, 0.00000, 0.00000, 0.04362, 0.99905, 0.00000, 0.00000, 0.00000, 0.00000, 1.00000, 0.00000, -3.00000, -23.17000, 0.00000, 1.00000 },
				--{ 0.99905, -0.04362, 0.00000, 0.00000, 0.04362, 0.99905, 0.00000, 0.00000, 0.00000, 0.00000, 1.00000, 0.00000, -3.00000, -24.53000, 0.00000, 1.00000 },
				--{ -0.99970, 0.02443, 0.00000, 0.00000, -0.02443, -0.99970, 0.00000, 0.00000, 0.00000, 0.00000, 1.00000, 0.00000, -4.02000, -21.77000, 0.00000, 1.00000 },
				--{ -0.99970, 0.02443, 0.00000, 0.00000, -0.02443, -0.99970, 0.00000, 0.00000, 0.00000, 0.00000, 1.00000, 0.00000, -4.02000, -23.03000, 0.00000, 1.00000 },
				--{ -0.99970, 0.02443, 0.00000, 0.00000, -0.02443, -0.99970, 0.00000, 0.00000, 0.00000, 0.00000, 1.00000, 0.00000, -4.02000, -24.39000, 0.00000, 1.00000 },
			},
			["station/rail/asset/cargo_lamps.mdl"] = {
				-- { 1.00000, 0.00000, 0.00000, 0.00000, 0.00000, 1.00000, 0.00000, 0.00000, 0.00000, 0.00000, 1.00000, 0.00000, -4.00000, -18.00000, 0.00000, 1.00000 },
				-- { 1.00000, 0.00000, 0.00000, 0.00000, 0.00000, 1.00000, 0.00000, 0.00000, 0.00000, 0.00000, 1.00000, 0.00000, 4.00000, -18.00000, 0.00000, 1.00000 },
			},
			["station/rail/asset/cargo_pallet_jack.mdl"] = {
				{ -0.15643, -0.98769, 0.00000, 0.00000, 0.98769, -0.15643, 0.00000, 0.00000, 0.00000, 0.00000, 1.00000, 0.00000, -3.69000, -11.52000, 0.80000, 1.00000 },
			},
		},
	},
}
--End Generated

function data()

return { 
	cost = {
		price = 5000,
	},
	description = {
		name = _("Small side building"),
		description = _("Small side building with street access for cargo stations. Provides capacity for 10 cargo items."),
		icon = "ui/construction/station/rail/modular_station/side_building_1_cargo.tga"
	}, 
	category = {
		categories = { "cargo buildings", },
	},
	availability = {
		yearFrom = 0,
	},
	type = "rail_side_building_size1",
	order = {
		value = 931,
	},
	metadata = {
		era = 5,
		level =1,
		span = {2, 2},
		moreCapacity = {
			cargo = cargoCapacity,
			passenger = passengerCapacity
		}
	},
	
	updateFn = function(result, transform, tag, slotId, addModuleFn, params)
		local config = {
			extend = { 6, -6, 0, -17, 4, 0 },
			main = "station/rail/cargo/station_1.mdl",
			con_left = {"station/rail/cargo/station_1_con_l_1.mdl","station/rail/cargo/station_1_con_l_1.mdl","station/rail/cargo/station_1_con_l_1.mdl",},
			con_right = {"station/rail/cargo/station_1_con_r_1.mdl","station/rail/cargo/station_1_con_r_1.mdl","station/rail/cargo/station_1_con_r_1.mdl",},
			end_left = "station/rail/cargo/station_1_end_l.mdl",
			end_right = "station/rail/cargo/station_1_end_r.mdl",
			slotIdOffset = 5,
			translationY = 0,
		}
	
		local tran = trainstationutil.MakeMainBuildingModule(result, transform, tag, slotId, addModuleFn, params, config)
		constructionutil.addModels(generatedData["cargo_station_1_assets_1"], result.models, tran, tag)
	end,
	
	getModelsFn = function()
		
		local result = {
			{ 
				id = "station/rail/cargo/station_1.mdl",
				transf = transf.rotZTransl(math.rad(-90), vec3.new(15,0,0)),
			},
			{ 
				id = "station/rail/cargo/station_1_end_l.mdl",
				transf = transf.rotZTransl(math.rad(-90), vec3.new(15,0,0)),
			},
			{ 
				id = "station/rail/cargo/station_1_end_r.mdl",
				transf = transf.rotZTransl(math.rad(-90), vec3.new(15,0,0)),
			},
		}
		
		return result
	end
}

end
